
# Surface 0 of 1 surfaces

# Curve title: "f(x,y)"

# Contour 0, label:        0
2.55994 0.08008 0.00000 
2.54634 0.07608 0.00000 
2.54545 0.07582 0.00000 
2.53172 0.07207 0.00000 
2.51701 0.06807 0.00000 
2.50505 0.06482 0.00000 
2.50204 0.06406 0.00000 
2.48603 0.06006 0.00000 
2.46999 0.05606 0.00000 
2.46465 0.05472 0.00000 
2.45295 0.05205 0.00000 
2.43538 0.04805 0.00000 
2.42424 0.04551 0.00000 
2.41713 0.04404 0.00000 
2.39773 0.04004 0.00000 
2.38384 0.03718 0.00000 
2.37767 0.03604 0.00000 
2.35602 0.03203 0.00000 
2.34343 0.02971 0.00000 
2.33319 0.02803 0.00000 
2.30874 0.02402 0.00000 
2.30303 0.02309 0.00000 
2.28155 0.02002 0.00000 
2.26263 0.01732 0.00000 
2.25197 0.01602 0.00000 
2.22222 0.01238 0.00000 
2.21856 0.01201 0.00000 
2.18182 0.00828 0.00000 
2.17845 0.00801 0.00000 
2.14141 0.00501 0.00000 
2.12492 0.00400 0.00000 
2.10101 0.00255 0.00000 
2.06061 0.00092 0.00000 
2.02020 0.00010 0.00000 
1.97980 0.00010 0.00000 
1.93939 0.00092 0.00000 
1.89899 0.00255 0.00000 

# Contour 1, label: 
3.21096 0.40841 0.00000 
3.20570 0.40440 0.00000 
3.20042 0.40040 0.00000 
3.19513 0.39640 0.00000 
3.19192 0.39397 0.00000 
3.18975 0.39239 0.00000 
3.18425 0.38839 0.00000 
3.17874 0.38438 0.00000 
3.17321 0.38038 0.00000 
3.16767 0.37638 0.00000 
3.16212 0.37237 0.00000 
3.15655 0.36837 0.00000 
3.15152 0.36476 0.00000 
3.15094 0.36436 0.00000 
3.14515 0.36036 0.00000 
3.13934 0.35636 0.00000 
3.13351 0.35235 0.00000 
3.12768 0.34835 0.00000 
3.12182 0.34434 0.00000 
3.11596 0.34034 0.00000 
3.11111 0.33704 0.00000 
3.11004 0.33634 0.00000 
3.10392 0.33233 0.00000 
3.09779 0.32833 0.00000 
3.09165 0.32432 0.00000 
3.08549 0.32032 0.00000 
3.07932 0.31632 0.00000 
3.07313 0.31231 0.00000 
3.07071 0.31074 0.00000 
3.06679 0.30831 0.00000 
3.06033 0.30430 0.00000 
3.05386 0.30030 0.00000 
3.04738 0.29630 0.00000 
3.04087 0.29229 0.00000 
3.03436 0.28829 0.00000 
3.03030 0.28580 0.00000 
3.02773 0.28428 0.00000 
3.02092 0.28028 0.00000 
3.01409 0.27628 0.00000 
3.00725 0.27227 0.00000 
3.00040 0.26827 0.00000 
2.99352 0.26426 0.00000 
2.98990 0.26216 0.00000 
2.98650 0.26026 0.00000 
2.97931 0.25626 0.00000 
2.97210 0.25225 0.00000 
2.96487 0.24825 0.00000 
2.95763 0.24424 0.00000 
2.95037 0.24024 0.00000 
2.94949 0.23976 0.00000 
2.94282 0.23624 0.00000 
2.93521 0.23223 0.00000 
2.92759 0.22823 0.00000 
2.91995 0.22422 0.00000 
2.91229 0.22022 0.00000 
2.90909 0.21855 0.00000 
2.90440 0.21622 0.00000 
2.89636 0.21221 0.00000 
2.88830 0.20821 0.00000 
2.88022 0.20420 0.00000 
2.87212 0.20020 0.00000 
2.86869 0.19851 0.00000 
2.86378 0.19620 0.00000 
2.85526 0.19219 0.00000 
2.84672 0.18819 0.00000 
2.83816 0.18418 0.00000 
2.82958 0.18018 0.00000 
2.82828 0.17958 0.00000 
2.82062 0.17618 0.00000 
2.81157 0.17217 0.00000 
2.80251 0.16817 0.00000 
2.79342 0.16416 0.00000 
2.78788 0.16173 0.00000 
2.78412 0.16016 0.00000 
2.77452 0.15616 0.00000 
2.76489 0.15215 0.00000 
2.75524 0.14815 0.00000 
2.74747 0.14493 0.00000 
2.74547 0.14414 0.00000 
2.73524 0.14014 0.00000 
2.72499 0.13614 0.00000 
2.71472 0.13213 0.00000 
2.70707 0.12916 0.00000 
2.70427 0.12813 0.00000 
2.69334 0.12412 0.00000 
2.68240 0.12012 0.00000 
2.67143 0.11612 0.00000 
2.66667 0.11438 0.00000 
2.66004 0.11211 0.00000 
2.64834 0.10811 0.00000 
2.63661 0.10410 0.00000 
2.62626 0.10058 0.00000 
2.62476 0.10010 0.00000 
2.61219 0.09610 0.00000 
2.59960 0.09209 0.00000 
2.58698 0.08809 0.00000 
2.58586 0.08773 0.00000 
2.57352 0.08408 0.00000 
2.55994 0.08008 0.00000 

# Contour 2, label: 
3.57283 0.76476 0.00000 
3.56969 0.76076 0.00000 
3.56653 0.75676 0.00000 
3.56337 0.75275 0.00000 
3.56019 0.74875 0.00000 
3.55701 0.74474 0.00000 
3.55556 0.74292 0.00000 
3.55377 0.74074 0.00000 
3.55048 0.73674 0.00000 
3.54718 0.73273 0.00000 
3.54387 0.72873 0.00000 
3.54055 0.72472 0.00000 
3.53722 0.72072 0.00000 
3.53388 0.71672 0.00000 
3.53052 0.71271 0.00000 
3.52716 0.70871 0.00000 
3.52379 0.70470 0.00000 
3.52041 0.70070 0.00000 
3.51701 0.69670 0.00000 
3.51515 0.69451 0.00000 
3.51357 0.69269 0.00000 
3.51006 0.68869 0.00000 
3.50654 0.68468 0.00000 
3.50301 0.68068 0.00000 
3.49948 0.67668 0.00000 
3.49593 0.67267 0.00000 
3.49237 0.66867 0.00000 
3.48879 0.66466 0.00000 
3.48521 0.66066 0.00000 
3.48162 0.65666 0.00000 
3.47802 0.65265 0.00000 
3.47475 0.64903 0.00000 
3.47439 0.64865 0.00000 
3.47067 0.64464 0.00000 
3.46693 0.64064 0.00000 
3.46318 0.63664 0.00000 
3.45943 0.63263 0.00000 
3.45566 0.62863 0.00000 
3.45188 0.62462 0.00000 
3.44808 0.62062 0.00000 
3.44428 0.61662 0.00000 
3.44047 0.61261 0.00000 
3.43664 0.60861 0.00000 
3.43434 0.60621 0.00000 
3.43276 0.60460 0.00000 
3.42881 0.60060 0.00000 
3.42484 0.59660 0.00000 
3.42086 0.59259 0.00000 
3.41687 0.58859 0.00000 
3.41287 0.58458 0.00000 
3.40885 0.58058 0.00000 
3.40483 0.57658 0.00000 
3.40079 0.57257 0.00000 
3.39675 0.56857 0.00000 
3.39394 0.56580 0.00000 
3.39265 0.56456 0.00000 
3.38846 0.56056 0.00000 
3.38426 0.55656 0.00000 
3.38005 0.55255 0.00000 
3.37582 0.54855 0.00000 
3.37159 0.54454 0.00000 
3.36734 0.54054 0.00000 
3.36308 0.53654 0.00000 
3.35881 0.53253 0.00000 
3.35452 0.52853 0.00000 
3.35354 0.52761 0.00000 
3.35013 0.52452 0.00000 
3.34569 0.52052 0.00000 
3.34124 0.51652 0.00000 
3.33678 0.51251 0.00000 
3.33231 0.50851 0.00000 
3.32782 0.50450 0.00000 
3.32333 0.50050 0.00000 
3.31882 0.49650 0.00000 
3.31430 0.49249 0.00000 
3.31313 0.49146 0.00000 
3.30966 0.48849 0.00000 
3.30497 0.48448 0.00000 
3.30027 0.48048 0.00000 
3.29556 0.47648 0.00000 
3.29084 0.47247 0.00000 
3.28610 0.46847 0.00000 
3.28135 0.46446 0.00000 
3.27659 0.46046 0.00000 
3.27273 0.45722 0.00000 
3.27178 0.45646 0.00000 
3.26684 0.45245 0.00000 
3.26189 0.44845 0.00000 
3.25692 0.44444 0.00000 
3.25194 0.44044 0.00000 
3.24695 0.43644 0.00000 
3.24195 0.43243 0.00000 
3.23693 0.42843 0.00000 
3.23232 0.42476 0.00000 
3.23189 0.42442 0.00000 
3.22668 0.42042 0.00000 
3.22145 0.41642 0.00000 
3.21621 0.41241 0.00000 
3.21096 0.40841 0.00000 

# Contour 3, label: 
3.80233 1.13313 0.00000 
3.80041 1.12913 0.00000 
3.79849 1.12513 0.00000 
3.79798 1.12406 0.00000 
3.79653 1.12112 0.00000 
3.79454 1.11712 0.00000 
3.79255 1.11311 0.00000 
3.79055 1.10911 0.00000 
3.78854 1.10511 0.00000 
3.78652 1.10110 0.00000 
3.78449 1.09710 0.00000 
3.78245 1.09309 0.00000 
3.78040 1.08909 0.00000 
3.77835 1.08509 0.00000 
3.77628 1.08108 0.00000 
3.77421 1.07708 0.00000 
3.77213 1.07307 0.00000 
3.77003 1.06907 0.00000 
3.76793 1.06507 0.00000 
3.76582 1.06106 0.00000 
3.76370 1.05706 0.00000 
3.76157 1.05305 0.00000 
3.75944 1.04905 0.00000 
3.75758 1.04558 0.00000 
3.75728 1.04505 0.00000 
3.75508 1.04104 0.00000 
3.75286 1.03704 0.00000 
3.75064 1.03303 0.00000 
3.74841 1.02903 0.00000 
3.74617 1.02503 0.00000 
3.74391 1.02102 0.00000 
3.74165 1.01702 0.00000 
3.73938 1.01301 0.00000 
3.73710 1.00901 0.00000 
3.73482 1.00501 0.00000 
3.73252 1.00100 0.00000 
3.73021 0.99700 0.00000 
3.72789 0.99299 0.00000 
3.72557 0.98899 0.00000 
3.72323 0.98498 0.00000 
3.72089 0.98098 0.00000 
3.71854 0.97698 0.00000 
3.71717 0.97466 0.00000 
3.71615 0.97297 0.00000 
3.71372 0.96897 0.00000 
3.71129 0.96496 0.00000 
3.70884 0.96096 0.00000 
3.70638 0.95696 0.00000 
3.70392 0.95295 0.00000 
3.70144 0.94895 0.00000 
3.69896 0.94494 0.00000 
3.69646 0.94094 0.00000 
3.69396 0.93694 0.00000 
3.69145 0.93293 0.00000 
3.68892 0.92893 0.00000 
3.68639 0.92492 0.00000 
3.68385 0.92092 0.00000 
3.68130 0.91692 0.00000 
3.67874 0.91291 0.00000 
3.67677 0.90984 0.00000 
3.67616 0.90891 0.00000 
3.67351 0.90490 0.00000 
3.67086 0.90090 0.00000 
3.66820 0.89690 0.00000 
3.66553 0.89289 0.00000 
3.66285 0.88889 0.00000 
3.66016 0.88488 0.00000 
3.65746 0.88088 0.00000 
3.65475 0.87688 0.00000 
3.65203 0.87287 0.00000 
3.64930 0.86887 0.00000 
3.64656 0.86486 0.00000 
3.64381 0.86086 0.00000 
3.64105 0.85686 0.00000 
3.63829 0.85285 0.00000 
3.63636 0.85008 0.00000 
3.63549 0.84885 0.00000 
3.63263 0.84484 0.00000 
3.62976 0.84084 0.00000 
3.62689 0.83684 0.00000 
3.62400 0.83283 0.00000 
3.62110 0.82883 0.00000 
3.61820 0.82482 0.00000 
3.61528 0.82082 0.00000 
3.61235 0.81682 0.00000 
3.60942 0.81281 0.00000 
3.60647 0.80881 0.00000 
3.60351 0.80480 0.00000 
3.60055 0.80080 0.00000 
3.59757 0.79680 0.00000 
3.59596 0.79463 0.00000 
3.59455 0.79279 0.00000 
3.59148 0.78879 0.00000 
3.58840 0.78478 0.00000 
3.58530 0.78078 0.00000 
3.58220 0.77678 0.00000 
3.57909 0.77277 0.00000 
3.57596 0.76877 0.00000 
3.57283 0.76476 0.00000 

# Contour 4, label: 
3.93983 1.51351 0.00000 
3.93882 1.50951 0.00000 
3.93780 1.50551 0.00000 
3.93678 1.50150 0.00000 
3.93574 1.49750 0.00000 
3.93470 1.49349 0.00000 
3.93365 1.48949 0.00000 
3.93259 1.48549 0.00000 
3.93153 1.48148 0.00000 
3.93045 1.47748 0.00000 
3.92937 1.47347 0.00000 
3.92828 1.46947 0.00000 
3.92718 1.46547 0.00000 
3.92607 1.46146 0.00000 
3.92495 1.45746 0.00000 
3.92383 1.45345 0.00000 
3.92270 1.44945 0.00000 
3.92156 1.44545 0.00000 
3.92041 1.44144 0.00000 
3.91925 1.43744 0.00000 
3.91919 1.43724 0.00000 
3.91806 1.43343 0.00000 
3.91686 1.42943 0.00000 
3.91565 1.42543 0.00000 
3.91444 1.42142 0.00000 
3.91322 1.41742 0.00000 
3.91198 1.41341 0.00000 
3.91074 1.40941 0.00000 
3.90949 1.40541 0.00000 
3.90823 1.40140 0.00000 
3.90697 1.39740 0.00000 
3.90569 1.39339 0.00000 
3.90441 1.38939 0.00000 
3.90312 1.38539 0.00000 
3.90182 1.38138 0.00000 
3.90051 1.37738 0.00000 
3.89919 1.37337 0.00000 
3.89787 1.36937 0.00000 
3.89653 1.36537 0.00000 
3.89519 1.36136 0.00000 
3.89384 1.35736 0.00000 
3.89248 1.35335 0.00000 
3.89111 1.34935 0.00000 
3.88974 1.34535 0.00000 
3.88835 1.34134 0.00000 
3.88696 1.33734 0.00000 
3.88556 1.33333 0.00000 
3.88415 1.32933 0.00000 
3.88273 1.32533 0.00000 
3.88130 1.32132 0.00000 
3.87987 1.31732 0.00000 
3.87879 1.31432 0.00000 
3.87842 1.31331 0.00000 
3.87693 1.30931 0.00000 
3.87544 1.30531 0.00000 
3.87394 1.30130 0.00000 
3.87243 1.29730 0.00000 
3.87091 1.29329 0.00000 
3.86938 1.28929 0.00000 
3.86785 1.28529 0.00000 
3.86631 1.28128 0.00000 
3.86475 1.27728 0.00000 
3.86319 1.27327 0.00000 
3.86162 1.26927 0.00000 
3.86004 1.26527 0.00000 
3.85846 1.26126 0.00000 
3.85686 1.25726 0.00000 
3.85526 1.25325 0.00000 
3.85364 1.24925 0.00000 
3.85202 1.24525 0.00000 
3.85039 1.24124 0.00000 
3.84875 1.23724 0.00000 
3.84710 1.23323 0.00000 
3.84545 1.22923 0.00000 
3.84378 1.22523 0.00000 
3.84211 1.22122 0.00000 
3.84043 1.21722 0.00000 
3.83874 1.21321 0.00000 
3.83838 1.21238 0.00000 
3.83701 1.20921 0.00000 
3.83526 1.20521 0.00000 
3.83351 1.20120 0.00000 
3.83174 1.19720 0.00000 
3.82997 1.19319 0.00000 
3.82819 1.18919 0.00000 
3.82640 1.18519 0.00000 
3.82460 1.18118 0.00000 
3.82279 1.17718 0.00000 
3.82098 1.17317 0.00000 
3.81915 1.16917 0.00000 
3.81732 1.16517 0.00000 
3.81547 1.16116 0.00000 
3.81362 1.15716 0.00000 
3.81176 1.15315 0.00000 
3.80989 1.14915 0.00000 
3.80802 1.14515 0.00000 
3.80613 1.14114 0.00000 
3.80423 1.13714 0.00000 
3.80233 1.13313 0.00000 

# Contour 5, label: 
3.99757 1.90190 0.00000 
3.99737 1.89790 0.00000 
3.99716 1.89389 0.00000 
3.99694 1.88989 0.00000 
3.99671 1.88589 0.00000 
3.99648 1.88188 0.00000 
3.99623 1.87788 0.00000 
3.99598 1.87387 0.00000 
3.99572 1.86987 0.00000 
3.99546 1.86587 0.00000 
3.99518 1.86186 0.00000 
3.99490 1.85786 0.00000 
3.99461 1.85385 0.00000 
3.99431 1.84985 0.00000 
3.99400 1.84585 0.00000 
3.99368 1.84184 0.00000 
3.99336 1.83784 0.00000 
3.99303 1.83383 0.00000 
3.99269 1.82983 0.00000 
3.99234 1.82583 0.00000 
3.99198 1.82182 0.00000 
3.99162 1.81782 0.00000 
3.99125 1.81381 0.00000 
3.99086 1.80981 0.00000 
3.99048 1.80581 0.00000 
3.99008 1.80180 0.00000 
3.98967 1.79780 0.00000 
3.98926 1.79379 0.00000 
3.98884 1.78979 0.00000 
3.98841 1.78579 0.00000 
3.98797 1.78178 0.00000 
3.98753 1.77778 0.00000 
3.98707 1.77377 0.00000 
3.98661 1.76977 0.00000 
3.98614 1.76577 0.00000 
3.98567 1.76176 0.00000 
3.98518 1.75776 0.00000 
3.98469 1.75375 0.00000 
3.98418 1.74975 0.00000 
3.98367 1.74575 0.00000 
3.98316 1.74174 0.00000 
3.98263 1.73774 0.00000 
3.98209 1.73373 0.00000 
3.98155 1.72973 0.00000 
3.98100 1.72573 0.00000 
3.98044 1.72172 0.00000 
3.97988 1.71772 0.00000 
3.97930 1.71371 0.00000 
3.97872 1.70971 0.00000 
3.97813 1.70571 0.00000 
3.97753 1.70170 0.00000 
3.97692 1.69770 0.00000 
3.97630 1.69369 0.00000 
3.97568 1.68969 0.00000 
3.97505 1.68569 0.00000 
3.97441 1.68168 0.00000 
3.97376 1.67768 0.00000 
3.97311 1.67367 0.00000 
3.97244 1.66967 0.00000 
3.97177 1.66567 0.00000 
3.97109 1.66166 0.00000 
3.97040 1.65766 0.00000 
3.96971 1.65365 0.00000 
3.96900 1.64965 0.00000 
3.96829 1.64565 0.00000 
3.96757 1.64164 0.00000 
3.96684 1.63764 0.00000 
3.96610 1.63363 0.00000 
3.96536 1.62963 0.00000 
3.96460 1.62563 0.00000 
3.96384 1.62162 0.00000 
3.96307 1.61762 0.00000 
3.96230 1.61361 0.00000 
3.96151 1.60961 0.00000 
3.96072 1.60561 0.00000 
3.95991 1.60160 0.00000 
3.95960 1.60003 0.00000 
3.95909 1.59760 0.00000 
3.95826 1.59359 0.00000 
3.95742 1.58959 0.00000 
3.95657 1.58559 0.00000 
3.95571 1.58158 0.00000 
3.95484 1.57758 0.00000 
3.95396 1.57357 0.00000 
3.95308 1.56957 0.00000 
3.95218 1.56557 0.00000 
3.95128 1.56156 0.00000 
3.95037 1.55756 0.00000 
3.94946 1.55355 0.00000 
3.94853 1.54955 0.00000 
3.94760 1.54555 0.00000 
3.94665 1.54154 0.00000 
3.94570 1.53754 0.00000 
3.94474 1.53353 0.00000 
3.94378 1.52953 0.00000 
3.94280 1.52553 0.00000 
3.94182 1.52152 0.00000 
3.94083 1.51752 0.00000 
3.93983 1.51351 0.00000 

# Contour 6, label: 
3.97813 2.29429 0.00000 
3.97872 2.29029 0.00000 
3.97930 2.28629 0.00000 
3.97988 2.28228 0.00000 
3.98044 2.27828 0.00000 
3.98100 2.27427 0.00000 
3.98155 2.27027 0.00000 
3.98209 2.26627 0.00000 
3.98263 2.26226 0.00000 
3.98316 2.25826 0.00000 
3.98367 2.25425 0.00000 
3.98418 2.25025 0.00000 
3.98469 2.24625 0.00000 
3.98518 2.24224 0.00000 
3.98567 2.23824 0.00000 
3.98614 2.23423 0.00000 
3.98661 2.23023 0.00000 
3.98707 2.22623 0.00000 
3.98753 2.22222 0.00000 
3.98797 2.21822 0.00000 
3.98841 2.21421 0.00000 
3.98884 2.21021 0.00000 
3.98926 2.20621 0.00000 
3.98967 2.20220 0.00000 
3.99008 2.19820 0.00000 
3.99048 2.19419 0.00000 
3.99086 2.19019 0.00000 
3.99125 2.18619 0.00000 
3.99162 2.18218 0.00000 
3.99198 2.17818 0.00000 
3.99234 2.17417 0.00000 
3.99269 2.17017 0.00000 
3.99303 2.16617 0.00000 
3.99336 2.16216 0.00000 
3.99368 2.15816 0.00000 
3.99400 2.15415 0.00000 
3.99431 2.15015 0.00000 
3.99461 2.14615 0.00000 
3.99490 2.14214 0.00000 
3.99518 2.13814 0.00000 
3.99546 2.13413 0.00000 
3.99572 2.13013 0.00000 
3.99598 2.12613 0.00000 
3.99623 2.12212 0.00000 
3.99648 2.11812 0.00000 
3.99671 2.11411 0.00000 
3.99694 2.11011 0.00000 
3.99716 2.10611 0.00000 
3.99737 2.10210 0.00000 
3.99757 2.09810 0.00000 
3.99776 2.09409 0.00000 
3.99795 2.09009 0.00000 
3.99813 2.08609 0.00000 
3.99830 2.08208 0.00000 
3.99846 2.07808 0.00000 
3.99861 2.07407 0.00000 
3.99876 2.07007 0.00000 
3.99890 2.06607 0.00000 
3.99903 2.06206 0.00000 
3.99915 2.05806 0.00000 
3.99926 2.05405 0.00000 
3.99937 2.05005 0.00000 
3.99946 2.04605 0.00000 
3.99955 2.04204 0.00000 
3.99963 2.03804 0.00000 
3.99971 2.03403 0.00000 
3.99977 2.03003 0.00000 
3.99983 2.02603 0.00000 
3.99988 2.02202 0.00000 
3.99992 2.01802 0.00000 
3.99995 2.01401 0.00000 
3.99997 2.01001 0.00000 
3.99999 2.00601 0.00000 
4.00000 2.00200 0.00000 
4.00000 1.99800 0.00000 
3.99999 1.99399 0.00000 
3.99997 1.98999 0.00000 
3.99995 1.98599 0.00000 
3.99992 1.98198 0.00000 
3.99988 1.97798 0.00000 
3.99983 1.97397 0.00000 
3.99977 1.96997 0.00000 
3.99971 1.96597 0.00000 
3.99963 1.96196 0.00000 
3.99955 1.95796 0.00000 
3.99946 1.95395 0.00000 
3.99937 1.94995 0.00000 
3.99926 1.94595 0.00000 
3.99915 1.94194 0.00000 
3.99903 1.93794 0.00000 
3.99890 1.93393 0.00000 
3.99876 1.92993 0.00000 
3.99861 1.92593 0.00000 
3.99846 1.92192 0.00000 
3.99830 1.91792 0.00000 
3.99813 1.91391 0.00000 
3.99795 1.90991 0.00000 
3.99776 1.90591 0.00000 
3.99757 1.90190 0.00000 

# Contour 7, label: 
3.88130 2.67868 0.00000 
3.88273 2.67467 0.00000 
3.88415 2.67067 0.00000 
3.88556 2.66667 0.00000 
3.88696 2.66266 0.00000 
3.88835 2.65866 0.00000 
3.88974 2.65465 0.00000 
3.89111 2.65065 0.00000 
3.89248 2.64665 0.00000 
3.89384 2.64264 0.00000 
3.89519 2.63864 0.00000 
3.89653 2.63463 0.00000 
3.89787 2.63063 0.00000 
3.89919 2.62663 0.00000 
3.90051 2.62262 0.00000 
3.90182 2.61862 0.00000 
3.90312 2.61461 0.00000 
3.90441 2.61061 0.00000 
3.90569 2.60661 0.00000 
3.90697 2.60260 0.00000 
3.90823 2.59860 0.00000 
3.90949 2.59459 0.00000 
3.91074 2.59059 0.00000 
3.91198 2.58659 0.00000 
3.91322 2.58258 0.00000 
3.91444 2.57858 0.00000 
3.91565 2.57457 0.00000 
3.91686 2.57057 0.00000 
3.91806 2.56657 0.00000 
3.91919 2.56276 0.00000 
3.91925 2.56256 0.00000 
3.92041 2.55856 0.00000 
3.92156 2.55455 0.00000 
3.92270 2.55055 0.00000 
3.92383 2.54655 0.00000 
3.92495 2.54254 0.00000 
3.92607 2.53854 0.00000 
3.92718 2.53453 0.00000 
3.92828 2.53053 0.00000 
3.92937 2.52653 0.00000 
3.93045 2.52252 0.00000 
3.93153 2.51852 0.00000 
3.93259 2.51451 0.00000 
3.93365 2.51051 0.00000 
3.93470 2.50651 0.00000 
3.93574 2.50250 0.00000 
3.93678 2.49850 0.00000 
3.93780 2.49449 0.00000 
3.93882 2.49049 0.00000 
3.93983 2.48649 0.00000 
3.94083 2.48248 0.00000 
3.94182 2.47848 0.00000 
3.94280 2.47447 0.00000 
3.94378 2.47047 0.00000 
3.94474 2.46647 0.00000 
3.94570 2.46246 0.00000 
3.94665 2.45846 0.00000 
3.94760 2.45445 0.00000 
3.94853 2.45045 0.00000 
3.94946 2.44645 0.00000 
3.95037 2.44244 0.00000 
3.95128 2.43844 0.00000 
3.95218 2.43443 0.00000 
3.95308 2.43043 0.00000 
3.95396 2.42643 0.00000 
3.95484 2.42242 0.00000 
3.95571 2.41842 0.00000 
3.95657 2.41441 0.00000 
3.95742 2.41041 0.00000 
3.95826 2.40641 0.00000 
3.95909 2.40240 0.00000 
3.95960 2.39997 0.00000 
3.95991 2.39840 0.00000 
3.96072 2.39439 0.00000 
3.96151 2.39039 0.00000 
3.96230 2.38639 0.00000 
3.96307 2.38238 0.00000 
3.96384 2.37838 0.00000 
3.96460 2.37437 0.00000 
3.96536 2.37037 0.00000 
3.96610 2.36637 0.00000 
3.96684 2.36236 0.00000 
3.96757 2.35836 0.00000 
3.96829 2.35435 0.00000 
3.96900 2.35035 0.00000 
3.96971 2.34635 0.00000 
3.97040 2.34234 0.00000 
3.97109 2.33834 0.00000 
3.97177 2.33433 0.00000 
3.97244 2.33033 0.00000 
3.97311 2.32633 0.00000 
3.97376 2.32232 0.00000 
3.97441 2.31832 0.00000 
3.97505 2.31431 0.00000 
3.97568 2.31031 0.00000 
3.97630 2.30631 0.00000 
3.97692 2.30230 0.00000 
3.97753 2.29830 0.00000 
3.97813 2.29429 0.00000 

# Contour 8, label: 
3.70144 3.05105 0.00000 
3.70392 3.04705 0.00000 
3.70638 3.04304 0.00000 
3.70884 3.03904 0.00000 
3.71129 3.03504 0.00000 
3.71372 3.03103 0.00000 
3.71615 3.02703 0.00000 
3.71717 3.02534 0.00000 
3.71854 3.02302 0.00000 
3.72089 3.01902 0.00000 
3.72323 3.01502 0.00000 
3.72557 3.01101 0.00000 
3.72789 3.00701 0.00000 
3.73021 3.00300 0.00000 
3.73252 2.99900 0.00000 
3.73482 2.99499 0.00000 
3.73710 2.99099 0.00000 
3.73938 2.98699 0.00000 
3.74165 2.98298 0.00000 
3.74391 2.97898 0.00000 
3.74617 2.97497 0.00000 
3.74841 2.97097 0.00000 
3.75064 2.96697 0.00000 
3.75286 2.96296 0.00000 
3.75508 2.95896 0.00000 
3.75728 2.95495 0.00000 
3.75758 2.95442 0.00000 
3.75944 2.95095 0.00000 
3.76157 2.94695 0.00000 
3.76370 2.94294 0.00000 
3.76582 2.93894 0.00000 
3.76793 2.93493 0.00000 
3.77003 2.93093 0.00000 
3.77213 2.92693 0.00000 
3.77421 2.92292 0.00000 
3.77628 2.91892 0.00000 
3.77835 2.91491 0.00000 
3.78040 2.91091 0.00000 
3.78245 2.90691 0.00000 
3.78449 2.90290 0.00000 
3.78652 2.89890 0.00000 
3.78854 2.89489 0.00000 
3.79055 2.89089 0.00000 
3.79255 2.88689 0.00000 
3.79454 2.88288 0.00000 
3.79653 2.87888 0.00000 
3.79798 2.87594 0.00000 
3.79849 2.87487 0.00000 
3.80041 2.87087 0.00000 
3.80233 2.86687 0.00000 
3.80423 2.86286 0.00000 
3.80613 2.85886 0.00000 
3.80802 2.85485 0.00000 
3.80989 2.85085 0.00000 
3.81176 2.84685 0.00000 
3.81362 2.84284 0.00000 
3.81547 2.83884 0.00000 
3.81732 2.83483 0.00000 
3.81915 2.83083 0.00000 
3.82098 2.82683 0.00000 
3.82279 2.82282 0.00000 
3.82460 2.81882 0.00000 
3.82640 2.81481 0.00000 
3.82819 2.81081 0.00000 
3.82997 2.80681 0.00000 
3.83174 2.80280 0.00000 
3.83351 2.79880 0.00000 
3.83526 2.79479 0.00000 
3.83701 2.79079 0.00000 
3.83838 2.78762 0.00000 
3.83874 2.78679 0.00000 
3.84043 2.78278 0.00000 
3.84211 2.77878 0.00000 
3.84378 2.77477 0.00000 
3.84545 2.77077 0.00000 
3.84710 2.76677 0.00000 
3.84875 2.76276 0.00000 
3.85039 2.75876 0.00000 
3.85202 2.75475 0.00000 
3.85364 2.75075 0.00000 
3.85526 2.74675 0.00000 
3.85686 2.74274 0.00000 
3.85846 2.73874 0.00000 
3.86004 2.73473 0.00000 
3.86162 2.73073 0.00000 
3.86319 2.72673 0.00000 
3.86475 2.72272 0.00000 
3.86631 2.71872 0.00000 
3.86785 2.71471 0.00000 
3.86938 2.71071 0.00000 
3.87091 2.70671 0.00000 
3.87243 2.70270 0.00000 
3.87394 2.69870 0.00000 
3.87544 2.69469 0.00000 
3.87693 2.69069 0.00000 
3.87842 2.68669 0.00000 
3.87879 2.68568 0.00000 
3.87987 2.68268 0.00000 
3.88130 2.67868 0.00000 

# Contour 9, label: 
3.41287 3.41542 0.00000 
3.41687 3.41141 0.00000 
3.42086 3.40741 0.00000 
3.42484 3.40340 0.00000 
3.42881 3.39940 0.00000 
3.43276 3.39540 0.00000 
3.43434 3.39379 0.00000 
3.43664 3.39139 0.00000 
3.44047 3.38739 0.00000 
3.44428 3.38338 0.00000 
3.44808 3.37938 0.00000 
3.45188 3.37538 0.00000 
3.45566 3.37137 0.00000 
3.45943 3.36737 0.00000 
3.46318 3.36336 0.00000 
3.46693 3.35936 0.00000 
3.47067 3.35536 0.00000 
3.47439 3.35135 0.00000 
3.47475 3.35097 0.00000 
3.47802 3.34735 0.00000 
3.48162 3.34334 0.00000 
3.48521 3.33934 0.00000 
3.48879 3.33534 0.00000 
3.49237 3.33133 0.00000 
3.49593 3.32733 0.00000 
3.49948 3.32332 0.00000 
3.50301 3.31932 0.00000 
3.50654 3.31532 0.00000 
3.51006 3.31131 0.00000 
3.51357 3.30731 0.00000 
3.51515 3.30549 0.00000 
3.51701 3.30330 0.00000 
3.52041 3.29930 0.00000 
3.52379 3.29530 0.00000 
3.52716 3.29129 0.00000 
3.53052 3.28729 0.00000 
3.53388 3.28328 0.00000 
3.53722 3.27928 0.00000 
3.54055 3.27528 0.00000 
3.54387 3.27127 0.00000 
3.54718 3.26727 0.00000 
3.55048 3.26326 0.00000 
3.55377 3.25926 0.00000 
3.55556 3.25708 0.00000 
3.55701 3.25526 0.00000 
3.56019 3.25125 0.00000 
3.56337 3.24725 0.00000 
3.56653 3.24324 0.00000 
3.56969 3.23924 0.00000 
3.57283 3.23524 0.00000 
3.57596 3.23123 0.00000 
3.57909 3.22723 0.00000 
3.58220 3.22322 0.00000 
3.58530 3.21922 0.00000 
3.58840 3.21522 0.00000 
3.59148 3.21121 0.00000 
3.59455 3.20721 0.00000 
3.59596 3.20537 0.00000 
3.59757 3.20320 0.00000 
3.60055 3.19920 0.00000 
3.60351 3.19520 0.00000 
3.60647 3.19119 0.00000 
3.60942 3.18719 0.00000 
3.61235 3.18318 0.00000 
3.61528 3.17918 0.00000 
3.61820 3.17518 0.00000 
3.62110 3.17117 0.00000 
3.62400 3.16717 0.00000 
3.62689 3.16316 0.00000 
3.62976 3.15916 0.00000 
3.63263 3.15516 0.00000 
3.63549 3.15115 0.00000 
3.63636 3.14992 0.00000 
3.63829 3.14715 0.00000 
3.64105 3.14314 0.00000 
3.64381 3.13914 0.00000 
3.64656 3.13514 0.00000 
3.64930 3.13113 0.00000 
3.65203 3.12713 0.00000 
3.65475 3.12312 0.00000 
3.65746 3.11912 0.00000 
3.66016 3.11512 0.00000 
3.66285 3.11111 0.00000 
3.66553 3.10711 0.00000 
3.66820 3.10310 0.00000 
3.67086 3.09910 0.00000 
3.67351 3.09510 0.00000 
3.67616 3.09109 0.00000 
3.67677 3.09016 0.00000 
3.67874 3.08709 0.00000 
3.68130 3.08308 0.00000 
3.68385 3.07908 0.00000 
3.68639 3.07508 0.00000 
3.68892 3.07107 0.00000 
3.69145 3.06707 0.00000 
3.69396 3.06306 0.00000 
3.69646 3.05906 0.00000 
3.69896 3.05506 0.00000 
3.70144 3.05105 0.00000 

# Contour 10, label: 
2.94949 3.76024 0.00000 
2.95037 3.75976 0.00000 
2.95763 3.75576 0.00000 
2.96487 3.75175 0.00000 
2.97210 3.74775 0.00000 
2.97931 3.74374 0.00000 
2.98650 3.73974 0.00000 
2.98990 3.73784 0.00000 
2.99352 3.73574 0.00000 
3.00040 3.73173 0.00000 
3.00725 3.72773 0.00000 
3.01409 3.72372 0.00000 
3.02092 3.71972 0.00000 
3.02773 3.71572 0.00000 
3.03030 3.71420 0.00000 
3.03436 3.71171 0.00000 
3.04087 3.70771 0.00000 
3.04738 3.70370 0.00000 
3.05386 3.69970 0.00000 
3.06033 3.69570 0.00000 
3.06679 3.69169 0.00000 
3.07071 3.68926 0.00000 
3.07313 3.68769 0.00000 
3.07932 3.68368 0.00000 
3.08549 3.67968 0.00000 
3.09165 3.67568 0.00000 
3.09779 3.67167 0.00000 
3.10392 3.66767 0.00000 
3.11004 3.66366 0.00000 
3.11111 3.66296 0.00000 
3.11596 3.65966 0.00000 
3.12182 3.65566 0.00000 
3.12768 3.65165 0.00000 
3.13351 3.64765 0.00000 
3.13934 3.64364 0.00000 
3.14515 3.63964 0.00000 
3.15094 3.63564 0.00000 
3.15152 3.63524 0.00000 
3.15655 3.63163 0.00000 
3.16212 3.62763 0.00000 
3.16767 3.62362 0.00000 
3.17321 3.61962 0.00000 
3.17874 3.61562 0.00000 
3.18425 3.61161 0.00000 
3.18975 3.60761 0.00000 
3.19192 3.60603 0.00000 
3.19513 3.60360 0.00000 
3.20042 3.59960 0.00000 
3.20570 3.59560 0.00000 
3.21096 3.59159 0.00000 
3.21621 3.58759 0.00000 
3.22145 3.58358 0.00000 
3.22668 3.57958 0.00000 
3.23189 3.57558 0.00000 
3.23232 3.57524 0.00000 
3.23693 3.57157 0.00000 
3.24195 3.56757 0.00000 
3.24695 3.56356 0.00000 
3.25194 3.55956 0.00000 
3.25692 3.55556 0.00000 
3.26189 3.55155 0.00000 
3.26684 3.54755 0.00000 
3.27178 3.54354 0.00000 
3.27273 3.54278 0.00000 
3.27659 3.53954 0.00000 
3.28135 3.53554 0.00000 
3.28610 3.53153 0.00000 
3.29084 3.52753 0.00000 
3.29556 3.52352 0.00000 
3.30027 3.51952 0.00000 
3.30497 3.51552 0.00000 
3.30966 3.51151 0.00000 
3.31313 3.50854 0.00000 
3.31430 3.50751 0.00000 
3.31882 3.50350 0.00000 
3.32333 3.49950 0.00000 
3.32782 3.49550 0.00000 
3.33231 3.49149 0.00000 
3.33678 3.48749 0.00000 
3.34124 3.48348 0.00000 
3.34569 3.47948 0.00000 
3.35013 3.47548 0.00000 
3.35354 3.47239 0.00000 
3.35452 3.47147 0.00000 
3.35881 3.46747 0.00000 
3.36308 3.46346 0.00000 
3.36734 3.45946 0.00000 
3.37159 3.45546 0.00000 
3.37582 3.45145 0.00000 
3.38005 3.44745 0.00000 
3.38426 3.44344 0.00000 
3.38846 3.43944 0.00000 
3.39265 3.43544 0.00000 
3.39394 3.43420 0.00000 
3.39675 3.43143 0.00000 
3.40079 3.42743 0.00000 
3.40483 3.42342 0.00000 
3.40885 3.41942 0.00000 
3.41287 3.41542 0.00000 

# Contour 11, label: 
1.65657 3.97029 0.00000 
1.66681 3.97197 0.00000 
1.69126 3.97598 0.00000 
1.69697 3.97691 0.00000 
1.71845 3.97998 0.00000 
1.73737 3.98268 0.00000 
1.74803 3.98398 0.00000 
1.77778 3.98762 0.00000 
1.78144 3.98799 0.00000 
1.81818 3.99172 0.00000 
1.82155 3.99199 0.00000 
1.85859 3.99499 0.00000 
1.87508 3.99600 0.00000 
1.89899 3.99745 0.00000 
1.93939 3.99908 0.00000 
1.97980 3.99990 0.00000 
2.02020 3.99990 0.00000 
2.06061 3.99908 0.00000 
2.10101 3.99745 0.00000 
2.12492 3.99600 0.00000 
2.14141 3.99499 0.00000 
2.17845 3.99199 0.00000 
2.18182 3.99172 0.00000 
2.21856 3.98799 0.00000 
2.22222 3.98762 0.00000 
2.25197 3.98398 0.00000 
2.26263 3.98268 0.00000 
2.28155 3.97998 0.00000 
2.30303 3.97691 0.00000 
2.30874 3.97598 0.00000 
2.33319 3.97197 0.00000 
2.34343 3.97029 0.00000 
2.35602 3.96797 0.00000 
2.37767 3.96396 0.00000 
2.38384 3.96282 0.00000 
2.39773 3.95996 0.00000 
2.41713 3.95596 0.00000 
2.42424 3.95449 0.00000 
2.43538 3.95195 0.00000 
2.45295 3.94795 0.00000 
2.46465 3.94528 0.00000 
2.46999 3.94394 0.00000 
2.48603 3.93994 0.00000 
2.50204 3.93594 0.00000 
2.50505 3.93518 0.00000 
2.51701 3.93193 0.00000 
2.53172 3.92793 0.00000 
2.54545 3.92418 0.00000 
2.54634 3.92392 0.00000 
2.55994 3.91992 0.00000 
2.57352 3.91592 0.00000 
2.58586 3.91227 0.00000 
2.58698 3.91191 0.00000 
2.59960 3.90791 0.00000 
2.61219 3.90390 0.00000 
2.62476 3.89990 0.00000 
2.62626 3.89942 0.00000 
2.63661 3.89590 0.00000 
2.64834 3.89189 0.00000 
2.66004 3.88789 0.00000 
2.66667 3.88562 0.00000 
2.67143 3.88388 0.00000 
2.68240 3.87988 0.00000 
2.69334 3.87588 0.00000 
2.70427 3.87187 0.00000 
2.70707 3.87084 0.00000 
2.71472 3.86787 0.00000 
2.72499 3.86386 0.00000 
2.73524 3.85986 0.00000 
2.74547 3.85586 0.00000 
2.74747 3.85507 0.00000 
2.75524 3.85185 0.00000 
2.76489 3.84785 0.00000 
2.77452 3.84384 0.00000 
2.78412 3.83984 0.00000 
2.78788 3.83827 0.00000 
2.79342 3.83584 0.00000 
2.80251 3.83183 0.00000 
2.81157 3.82783 0.00000 
2.82062 3.82382 0.00000 
2.82828 3.82042 0.00000 
2.82958 3.81982 0.00000 
2.83816 3.81582 0.00000 
2.84672 3.81181 0.00000 
2.85526 3.80781 0.00000 
2.86378 3.80380 0.00000 
2.86869 3.80149 0.00000 
2.87212 3.79980 0.00000 
2.88022 3.79580 0.00000 
2.88830 3.79179 0.00000 
2.89636 3.78779 0.00000 
2.90440 3.78378 0.00000 
2.90909 3.78145 0.00000 
2.91229 3.77978 0.00000 
2.91995 3.77578 0.00000 
2.92759 3.77177 0.00000 
2.93521 3.76777 0.00000 
2.94282 3.76376 0.00000 
2.94949 3.76024 0.00000 

# Contour 12, label: 
0.87818 3.65566 0.00000 
0.88404 3.65966 0.00000 
0.88889 3.66296 0.00000 
0.88996 3.66366 0.00000 
0.89608 3.66767 0.00000 
0.90221 3.67167 0.00000 
0.90835 3.67568 0.00000 
0.91451 3.67968 0.00000 
0.92068 3.68368 0.00000 
0.92687 3.68769 0.00000 
0.92929 3.68926 0.00000 
0.93321 3.69169 0.00000 
0.93967 3.69570 0.00000 
0.94614 3.69970 0.00000 
0.95262 3.70370 0.00000 
0.95913 3.70771 0.00000 
0.96564 3.71171 0.00000 
0.96970 3.71420 0.00000 
0.97227 3.71572 0.00000 
0.97908 3.71972 0.00000 
0.98591 3.72372 0.00000 
0.99275 3.72773 0.00000 
0.99960 3.73173 0.00000 
1.00648 3.73574 0.00000 
1.01010 3.73784 0.00000 
1.01350 3.73974 0.00000 
1.02069 3.74374 0.00000 
1.02790 3.74775 0.00000 
1.03513 3.75175 0.00000 
1.04237 3.75576 0.00000 
1.04963 3.75976 0.00000 
1.05051 3.76024 0.00000 
1.05718 3.76376 0.00000 
1.06479 3.76777 0.00000 
1.07241 3.77177 0.00000 
1.08005 3.77578 0.00000 
1.08771 3.77978 0.00000 
1.09091 3.78145 0.00000 
1.09560 3.78378 0.00000 
1.10364 3.78779 0.00000 
1.11170 3.79179 0.00000 
1.11978 3.79580 0.00000 
1.12788 3.79980 0.00000 
1.13131 3.80149 0.00000 
1.13622 3.80380 0.00000 
1.14474 3.80781 0.00000 
1.15328 3.81181 0.00000 
1.16184 3.81582 0.00000 
1.17042 3.81982 0.00000 
1.17172 3.82042 0.00000 
1.17938 3.82382 0.00000 
1.18843 3.82783 0.00000 
1.19749 3.83183 0.00000 
1.20658 3.83584 0.00000 
1.21212 3.83827 0.00000 
1.21588 3.83984 0.00000 
1.22548 3.84384 0.00000 
1.23511 3.84785 0.00000 
1.24476 3.85185 0.00000 
1.25253 3.85507 0.00000 
1.25453 3.85586 0.00000 
1.26476 3.85986 0.00000 
1.27501 3.86386 0.00000 
1.28528 3.86787 0.00000 
1.29293 3.87084 0.00000 
1.29573 3.87187 0.00000 
1.30666 3.87588 0.00000 
1.31760 3.87988 0.00000 
1.32857 3.88388 0.00000 
1.33333 3.88562 0.00000 
1.33996 3.88789 0.00000 
1.35166 3.89189 0.00000 
1.36339 3.89590 0.00000 
1.37374 3.89942 0.00000 
1.37524 3.89990 0.00000 
1.38781 3.90390 0.00000 
1.40040 3.90791 0.00000 
1.41302 3.91191 0.00000 
1.41414 3.91227 0.00000 
1.42648 3.91592 0.00000 
1.44006 3.91992 0.00000 
1.45366 3.92392 0.00000 
1.45455 3.92418 0.00000 
1.46828 3.92793 0.00000 
1.48299 3.93193 0.00000 
1.49495 3.93518 0.00000 
1.49796 3.93594 0.00000 
1.51397 3.93994 0.00000 
1.53001 3.94394 0.00000 
1.53535 3.94528 0.00000 
1.54705 3.94795 0.00000 
1.56462 3.95195 0.00000 
1.57576 3.95449 0.00000 
1.58287 3.95596 0.00000 
1.60227 3.95996 0.00000 
1.61616 3.96282 0.00000 
1.62233 3.96396 0.00000 
1.64398 3.96797 0.00000 
1.65657 3.97029 0.00000 

# Contour 13, label: 
0.48299 3.30330 0.00000 
0.48485 3.30549 0.00000 
0.48643 3.30731 0.00000 
0.48994 3.31131 0.00000 
0.49346 3.31532 0.00000 
0.49699 3.31932 0.00000 
0.50052 3.32332 0.00000 
0.50407 3.32733 0.00000 
0.50763 3.33133 0.00000 
0.51121 3.33534 0.00000 
0.51479 3.33934 0.00000 
0.51838 3.34334 0.00000 
0.52198 3.34735 0.00000 
0.52525 3.35097 0.00000 
0.52561 3.35135 0.00000 
0.52933 3.35536 0.00000 
0.53307 3.35936 0.00000 
0.53682 3.36336 0.00000 
0.54057 3.36737 0.00000 
0.54434 3.37137 0.00000 
0.54812 3.37538 0.00000 
0.55192 3.37938 0.00000 
0.55572 3.38338 0.00000 
0.55953 3.38739 0.00000 
0.56336 3.39139 0.00000 
0.56566 3.39379 0.00000 
0.56724 3.39540 0.00000 
0.57119 3.39940 0.00000 
0.57516 3.40340 0.00000 
0.57914 3.40741 0.00000 
0.58313 3.41141 0.00000 
0.58713 3.41542 0.00000 
0.59115 3.41942 0.00000 
0.59517 3.42342 0.00000 
0.59921 3.42743 0.00000 
0.60325 3.43143 0.00000 
0.60606 3.43420 0.00000 
0.60735 3.43544 0.00000 
0.61154 3.43944 0.00000 
0.61574 3.44344 0.00000 
0.61995 3.44745 0.00000 
0.62418 3.45145 0.00000 
0.62841 3.45546 0.00000 
0.63266 3.45946 0.00000 
0.63692 3.46346 0.00000 
0.64119 3.46747 0.00000 
0.64548 3.47147 0.00000 
0.64646 3.47239 0.00000 
0.64987 3.47548 0.00000 
0.65431 3.47948 0.00000 
0.65876 3.48348 0.00000 
0.66322 3.48749 0.00000 
0.66769 3.49149 0.00000 
0.67218 3.49550 0.00000 
0.67667 3.49950 0.00000 
0.68118 3.50350 0.00000 
0.68570 3.50751 0.00000 
0.68687 3.50854 0.00000 
0.69034 3.51151 0.00000 
0.69503 3.51552 0.00000 
0.69973 3.51952 0.00000 
0.70444 3.52352 0.00000 
0.70916 3.52753 0.00000 
0.71390 3.53153 0.00000 
0.71865 3.53554 0.00000 
0.72341 3.53954 0.00000 
0.72727 3.54278 0.00000 
0.72822 3.54354 0.00000 
0.73316 3.54755 0.00000 
0.73811 3.55155 0.00000 
0.74308 3.55556 0.00000 
0.74806 3.55956 0.00000 
0.75305 3.56356 0.00000 
0.75805 3.56757 0.00000 
0.76307 3.57157 0.00000 
0.76768 3.57524 0.00000 
0.76811 3.57558 0.00000 
0.77332 3.57958 0.00000 
0.77855 3.58358 0.00000 
0.78379 3.58759 0.00000 
0.78904 3.59159 0.00000 
0.79430 3.59560 0.00000 
0.79958 3.59960 0.00000 
0.80487 3.60360 0.00000 
0.80808 3.60603 0.00000 
0.81025 3.60761 0.00000 
0.81575 3.61161 0.00000 
0.82126 3.61562 0.00000 
0.82679 3.61962 0.00000 
0.83233 3.62362 0.00000 
0.83788 3.62763 0.00000 
0.84345 3.63163 0.00000 
0.84848 3.63524 0.00000 
0.84906 3.63564 0.00000 
0.85485 3.63964 0.00000 
0.86066 3.64364 0.00000 
0.86649 3.64765 0.00000 
0.87232 3.65165 0.00000 
0.87818 3.65566 0.00000 

# Contour 14, label: 
0.23207 2.93493 0.00000 
0.23418 2.93894 0.00000 
0.23630 2.94294 0.00000 
0.23843 2.94695 0.00000 
0.24056 2.95095 0.00000 
0.24242 2.95442 0.00000 
0.24272 2.95495 0.00000 
0.24492 2.95896 0.00000 
0.24714 2.96296 0.00000 
0.24936 2.96697 0.00000 
0.25159 2.97097 0.00000 
0.25383 2.97497 0.00000 
0.25609 2.97898 0.00000 
0.25835 2.98298 0.00000 
0.26062 2.98699 0.00000 
0.26290 2.99099 0.00000 
0.26518 2.99499 0.00000 
0.26748 2.99900 0.00000 
0.26979 3.00300 0.00000 
0.27211 3.00701 0.00000 
0.27443 3.01101 0.00000 
0.27677 3.01502 0.00000 
0.27911 3.01902 0.00000 
0.28146 3.02302 0.00000 
0.28283 3.02534 0.00000 
0.28385 3.02703 0.00000 
0.28628 3.03103 0.00000 
0.28871 3.03504 0.00000 
0.29116 3.03904 0.00000 
0.29362 3.04304 0.00000 
0.29608 3.04705 0.00000 
0.29856 3.05105 0.00000 
0.30104 3.05506 0.00000 
0.30354 3.05906 0.00000 
0.30604 3.06306 0.00000 
0.30855 3.06707 0.00000 
0.31108 3.07107 0.00000 
0.31361 3.07508 0.00000 
0.31615 3.07908 0.00000 
0.31870 3.08308 0.00000 
0.32126 3.08709 0.00000 
0.32323 3.09016 0.00000 
0.32384 3.09109 0.00000 
0.32649 3.09510 0.00000 
0.32914 3.09910 0.00000 
0.33180 3.10310 0.00000 
0.33447 3.10711 0.00000 
0.33715 3.11111 0.00000 
0.33984 3.11512 0.00000 
0.34254 3.11912 0.00000 
0.34525 3.12312 0.00000 
0.34797 3.12713 0.00000 
0.35070 3.13113 0.00000 
0.35344 3.13514 0.00000 
0.35619 3.13914 0.00000 
0.35895 3.14314 0.00000 
0.36171 3.14715 0.00000 
0.36364 3.14992 0.00000 
0.36451 3.15115 0.00000 
0.36737 3.15516 0.00000 
0.37024 3.15916 0.00000 
0.37311 3.16316 0.00000 
0.37600 3.16717 0.00000 
0.37890 3.17117 0.00000 
0.38180 3.17518 0.00000 
0.38472 3.17918 0.00000 
0.38765 3.18318 0.00000 
0.39058 3.18719 0.00000 
0.39353 3.19119 0.00000 
0.39649 3.19520 0.00000 
0.39945 3.19920 0.00000 
0.40243 3.20320 0.00000 
0.40404 3.20537 0.00000 
0.40545 3.20721 0.00000 
0.40852 3.21121 0.00000 
0.41160 3.21522 0.00000 
0.41470 3.21922 0.00000 
0.41780 3.22322 0.00000 
0.42091 3.22723 0.00000 
0.42404 3.23123 0.00000 
0.42717 3.23524 0.00000 
0.43031 3.23924 0.00000 
0.43347 3.24324 0.00000 
0.43663 3.24725 0.00000 
0.43981 3.25125 0.00000 
0.44299 3.25526 0.00000 
0.44444 3.25708 0.00000 
0.44623 3.25926 0.00000 
0.44952 3.26326 0.00000 
0.45282 3.26727 0.00000 
0.45613 3.27127 0.00000 
0.45945 3.27528 0.00000 
0.46278 3.27928 0.00000 
0.46612 3.28328 0.00000 
0.46948 3.28729 0.00000 
0.47284 3.29129 0.00000 
0.47621 3.29530 0.00000 
0.47959 3.29930 0.00000 
0.48299 3.30330 0.00000 

# Contour 15, label: 
0.07959 2.55856 0.00000 
0.08075 2.56256 0.00000 
0.08081 2.56276 0.00000 
0.08194 2.56657 0.00000 
0.08314 2.57057 0.00000 
0.08435 2.57457 0.00000 
0.08556 2.57858 0.00000 
0.08678 2.58258 0.00000 
0.08802 2.58659 0.00000 
0.08926 2.59059 0.00000 
0.09051 2.59459 0.00000 
0.09177 2.59860 0.00000 
0.09303 2.60260 0.00000 
0.09431 2.60661 0.00000 
0.09559 2.61061 0.00000 
0.09688 2.61461 0.00000 
0.09818 2.61862 0.00000 
0.09949 2.62262 0.00000 
0.10081 2.62663 0.00000 
0.10213 2.63063 0.00000 
0.10347 2.63463 0.00000 
0.10481 2.63864 0.00000 
0.10616 2.64264 0.00000 
0.10752 2.64665 0.00000 
0.10889 2.65065 0.00000 
0.11026 2.65465 0.00000 
0.11165 2.65866 0.00000 
0.11304 2.66266 0.00000 
0.11444 2.66667 0.00000 
0.11585 2.67067 0.00000 
0.11727 2.67467 0.00000 
0.11870 2.67868 0.00000 
0.12013 2.68268 0.00000 
0.12121 2.68568 0.00000 
0.12158 2.68669 0.00000 
0.12307 2.69069 0.00000 
0.12456 2.69469 0.00000 
0.12606 2.69870 0.00000 
0.12757 2.70270 0.00000 
0.12909 2.70671 0.00000 
0.13062 2.71071 0.00000 
0.13215 2.71471 0.00000 
0.13369 2.71872 0.00000 
0.13525 2.72272 0.00000 
0.13681 2.72673 0.00000 
0.13838 2.73073 0.00000 
0.13996 2.73473 0.00000 
0.14154 2.73874 0.00000 
0.14314 2.74274 0.00000 
0.14474 2.74675 0.00000 
0.14636 2.75075 0.00000 
0.14798 2.75475 0.00000 
0.14961 2.75876 0.00000 
0.15125 2.76276 0.00000 
0.15290 2.76677 0.00000 
0.15455 2.77077 0.00000 
0.15622 2.77477 0.00000 
0.15789 2.77878 0.00000 
0.15957 2.78278 0.00000 
0.16126 2.78679 0.00000 
0.16162 2.78762 0.00000 
0.16299 2.79079 0.00000 
0.16474 2.79479 0.00000 
0.16649 2.79880 0.00000 
0.16826 2.80280 0.00000 
0.17003 2.80681 0.00000 
0.17181 2.81081 0.00000 
0.17360 2.81481 0.00000 
0.17540 2.81882 0.00000 
0.17721 2.82282 0.00000 
0.17902 2.82683 0.00000 
0.18085 2.83083 0.00000 
0.18268 2.83483 0.00000 
0.18453 2.83884 0.00000 
0.18638 2.84284 0.00000 
0.18824 2.84685 0.00000 
0.19011 2.85085 0.00000 
0.19198 2.85485 0.00000 
0.19387 2.85886 0.00000 
0.19577 2.86286 0.00000 
0.19767 2.86687 0.00000 
0.19959 2.87087 0.00000 
0.20151 2.87487 0.00000 
0.20202 2.87594 0.00000 
0.20347 2.87888 0.00000 
0.20546 2.88288 0.00000 
0.20745 2.88689 0.00000 
0.20945 2.89089 0.00000 
0.21146 2.89489 0.00000 
0.21348 2.89890 0.00000 
0.21551 2.90290 0.00000 
0.21755 2.90691 0.00000 
0.21960 2.91091 0.00000 
0.22165 2.91491 0.00000 
0.22372 2.91892 0.00000 
0.22579 2.92292 0.00000 
0.22787 2.92693 0.00000 
0.22997 2.93093 0.00000 
0.23207 2.93493 0.00000 

# Contour 16, label: 
0.00731 2.17017 0.00000 
0.00766 2.17417 0.00000 
0.00802 2.17818 0.00000 
0.00838 2.18218 0.00000 
0.00875 2.18619 0.00000 
0.00914 2.19019 0.00000 
0.00952 2.19419 0.00000 
0.00992 2.19820 0.00000 
0.01033 2.20220 0.00000 
0.01074 2.20621 0.00000 
0.01116 2.21021 0.00000 
0.01159 2.21421 0.00000 
0.01203 2.21822 0.00000 
0.01247 2.22222 0.00000 
0.01293 2.22623 0.00000 
0.01339 2.23023 0.00000 
0.01386 2.23423 0.00000 
0.01433 2.23824 0.00000 
0.01482 2.24224 0.00000 
0.01531 2.24625 0.00000 
0.01582 2.25025 0.00000 
0.01633 2.25425 0.00000 
0.01684 2.25826 0.00000 
0.01737 2.26226 0.00000 
0.01791 2.26627 0.00000 
0.01845 2.27027 0.00000 
0.01900 2.27427 0.00000 
0.01956 2.27828 0.00000 
0.02012 2.28228 0.00000 
0.02070 2.28629 0.00000 
0.02128 2.29029 0.00000 
0.02187 2.29429 0.00000 
0.02247 2.29830 0.00000 
0.02308 2.30230 0.00000 
0.02370 2.30631 0.00000 
0.02432 2.31031 0.00000 
0.02495 2.31431 0.00000 
0.02559 2.31832 0.00000 
0.02624 2.32232 0.00000 
0.02689 2.32633 0.00000 
0.02756 2.33033 0.00000 
0.02823 2.33433 0.00000 
0.02891 2.33834 0.00000 
0.02960 2.34234 0.00000 
0.03029 2.34635 0.00000 
0.03100 2.35035 0.00000 
0.03171 2.35435 0.00000 
0.03243 2.35836 0.00000 
0.03316 2.36236 0.00000 
0.03390 2.36637 0.00000 
0.03464 2.37037 0.00000 
0.03540 2.37437 0.00000 
0.03616 2.37838 0.00000 
0.03693 2.38238 0.00000 
0.03770 2.38639 0.00000 
0.03849 2.39039 0.00000 
0.03928 2.39439 0.00000 
0.04009 2.39840 0.00000 
0.04040 2.39997 0.00000 
0.04091 2.40240 0.00000 
0.04174 2.40641 0.00000 
0.04258 2.41041 0.00000 
0.04343 2.41441 0.00000 
0.04429 2.41842 0.00000 
0.04516 2.42242 0.00000 
0.04604 2.42643 0.00000 
0.04692 2.43043 0.00000 
0.04782 2.43443 0.00000 
0.04872 2.43844 0.00000 
0.04963 2.44244 0.00000 
0.05054 2.44645 0.00000 
0.05147 2.45045 0.00000 
0.05240 2.45445 0.00000 
0.05335 2.45846 0.00000 
0.05430 2.46246 0.00000 
0.05526 2.46647 0.00000 
0.05622 2.47047 0.00000 
0.05720 2.47447 0.00000 
0.05818 2.47848 0.00000 
0.05917 2.48248 0.00000 
0.06017 2.48649 0.00000 
0.06118 2.49049 0.00000 
0.06220 2.49449 0.00000 
0.06322 2.49850 0.00000 
0.06426 2.50250 0.00000 
0.06530 2.50651 0.00000 
0.06635 2.51051 0.00000 
0.06741 2.51451 0.00000 
0.06847 2.51852 0.00000 
0.06955 2.52252 0.00000 
0.07063 2.52653 0.00000 
0.07172 2.53053 0.00000 
0.07282 2.53453 0.00000 
0.07393 2.53854 0.00000 
0.07505 2.54254 0.00000 
0.07617 2.54655 0.00000 
0.07730 2.55055 0.00000 
0.07844 2.55455 0.00000 
0.07959 2.55856 0.00000 

# Contour 17, label: 
0.01247 1.77778 0.00000 
0.01203 1.78178 0.00000 
0.01159 1.78579 0.00000 
0.01116 1.78979 0.00000 
0.01074 1.79379 0.00000 
0.01033 1.79780 0.00000 
0.00992 1.80180 0.00000 
0.00952 1.80581 0.00000 
0.00914 1.80981 0.00000 
0.00875 1.81381 0.00000 
0.00838 1.81782 0.00000 
0.00802 1.82182 0.00000 
0.00766 1.82583 0.00000 
0.00731 1.82983 0.00000 
0.00697 1.83383 0.00000 
0.00664 1.83784 0.00000 
0.00632 1.84184 0.00000 
0.00600 1.84585 0.00000 
0.00569 1.84985 0.00000 
0.00539 1.85385 0.00000 
0.00510 1.85786 0.00000 
0.00482 1.86186 0.00000 
0.00454 1.86587 0.00000 
0.00428 1.86987 0.00000 
0.00402 1.87387 0.00000 
0.00377 1.87788 0.00000 
0.00352 1.88188 0.00000 
0.00329 1.88589 0.00000 
0.00306 1.88989 0.00000 
0.00284 1.89389 0.00000 
0.00263 1.89790 0.00000 
0.00243 1.90190 0.00000 
0.00224 1.90591 0.00000 
0.00205 1.90991 0.00000 
0.00187 1.91391 0.00000 
0.00170 1.91792 0.00000 
0.00154 1.92192 0.00000 
0.00139 1.92593 0.00000 
0.00124 1.92993 0.00000 
0.00110 1.93393 0.00000 
0.00097 1.93794 0.00000 
0.00085 1.94194 0.00000 
0.00074 1.94595 0.00000 
0.00063 1.94995 0.00000 
0.00054 1.95395 0.00000 
0.00045 1.95796 0.00000 
0.00037 1.96196 0.00000 
0.00029 1.96597 0.00000 
0.00023 1.96997 0.00000 
0.00017 1.97397 0.00000 
0.00012 1.97798 0.00000 
0.00008 1.98198 0.00000 
0.00005 1.98599 0.00000 
0.00003 1.98999 0.00000 
0.00001 1.99399 0.00000 
0.00000 1.99800 0.00000 
0.00000 2.00200 0.00000 
0.00001 2.00601 0.00000 
0.00003 2.01001 0.00000 
0.00005 2.01401 0.00000 
0.00008 2.01802 0.00000 
0.00012 2.02202 0.00000 
0.00017 2.02603 0.00000 
0.00023 2.03003 0.00000 
0.00029 2.03403 0.00000 
0.00037 2.03804 0.00000 
0.00045 2.04204 0.00000 
0.00054 2.04605 0.00000 
0.00063 2.05005 0.00000 
0.00074 2.05405 0.00000 
0.00085 2.05806 0.00000 
0.00097 2.06206 0.00000 
0.00110 2.06607 0.00000 
0.00124 2.07007 0.00000 
0.00139 2.07407 0.00000 
0.00154 2.07808 0.00000 
0.00170 2.08208 0.00000 
0.00187 2.08609 0.00000 
0.00205 2.09009 0.00000 
0.00224 2.09409 0.00000 
0.00243 2.09810 0.00000 
0.00263 2.10210 0.00000 
0.00284 2.10611 0.00000 
0.00306 2.11011 0.00000 
0.00329 2.11411 0.00000 
0.00352 2.11812 0.00000 
0.00377 2.12212 0.00000 
0.00402 2.12613 0.00000 
0.00428 2.13013 0.00000 
0.00454 2.13413 0.00000 
0.00482 2.13814 0.00000 
0.00510 2.14214 0.00000 
0.00539 2.14615 0.00000 
0.00569 2.15015 0.00000 
0.00600 2.15415 0.00000 
0.00632 2.15816 0.00000 
0.00664 2.16216 0.00000 
0.00697 2.16617 0.00000 
0.00731 2.17017 0.00000 

# Contour 18, label: 
0.09431 1.39339 0.00000 
0.09303 1.39740 0.00000 
0.09177 1.40140 0.00000 
0.09051 1.40541 0.00000 
0.08926 1.40941 0.00000 
0.08802 1.41341 0.00000 
0.08678 1.41742 0.00000 
0.08556 1.42142 0.00000 
0.08435 1.42543 0.00000 
0.08314 1.42943 0.00000 
0.08194 1.43343 0.00000 
0.08081 1.43724 0.00000 
0.08075 1.43744 0.00000 
0.07959 1.44144 0.00000 
0.07844 1.44545 0.00000 
0.07730 1.44945 0.00000 
0.07617 1.45345 0.00000 
0.07505 1.45746 0.00000 
0.07393 1.46146 0.00000 
0.07282 1.46547 0.00000 
0.07172 1.46947 0.00000 
0.07063 1.47347 0.00000 
0.06955 1.47748 0.00000 
0.06847 1.48148 0.00000 
0.06741 1.48549 0.00000 
0.06635 1.48949 0.00000 
0.06530 1.49349 0.00000 
0.06426 1.49750 0.00000 
0.06322 1.50150 0.00000 
0.06220 1.50551 0.00000 
0.06118 1.50951 0.00000 
0.06017 1.51351 0.00000 
0.05917 1.51752 0.00000 
0.05818 1.52152 0.00000 
0.05720 1.52553 0.00000 
0.05622 1.52953 0.00000 
0.05526 1.53353 0.00000 
0.05430 1.53754 0.00000 
0.05335 1.54154 0.00000 
0.05240 1.54555 0.00000 
0.05147 1.54955 0.00000 
0.05054 1.55355 0.00000 
0.04963 1.55756 0.00000 
0.04872 1.56156 0.00000 
0.04782 1.56557 0.00000 
0.04692 1.56957 0.00000 
0.04604 1.57357 0.00000 
0.04516 1.57758 0.00000 
0.04429 1.58158 0.00000 
0.04343 1.58559 0.00000 
0.04258 1.58959 0.00000 
0.04174 1.59359 0.00000 
0.04091 1.59760 0.00000 
0.04040 1.60003 0.00000 
0.04009 1.60160 0.00000 
0.03928 1.60561 0.00000 
0.03849 1.60961 0.00000 
0.03770 1.61361 0.00000 
0.03693 1.61762 0.00000 
0.03616 1.62162 0.00000 
0.03540 1.62563 0.00000 
0.03464 1.62963 0.00000 
0.03390 1.63363 0.00000 
0.03316 1.63764 0.00000 
0.03243 1.64164 0.00000 
0.03171 1.64565 0.00000 
0.03100 1.64965 0.00000 
0.03029 1.65365 0.00000 
0.02960 1.65766 0.00000 
0.02891 1.66166 0.00000 
0.02823 1.66567 0.00000 
0.02756 1.66967 0.00000 
0.02689 1.67367 0.00000 
0.02624 1.67768 0.00000 
0.02559 1.68168 0.00000 
0.02495 1.68569 0.00000 
0.02432 1.68969 0.00000 
0.02370 1.69369 0.00000 
0.02308 1.69770 0.00000 
0.02247 1.70170 0.00000 
0.02187 1.70571 0.00000 
0.02128 1.70971 0.00000 
0.02070 1.71371 0.00000 
0.02012 1.71772 0.00000 
0.01956 1.72172 0.00000 
0.01900 1.72573 0.00000 
0.01845 1.72973 0.00000 
0.01791 1.73373 0.00000 
0.01737 1.73774 0.00000 
0.01684 1.74174 0.00000 
0.01633 1.74575 0.00000 
0.01582 1.74975 0.00000 
0.01531 1.75375 0.00000 
0.01482 1.75776 0.00000 
0.01433 1.76176 0.00000 
0.01386 1.76577 0.00000 
0.01339 1.76977 0.00000 
0.01293 1.77377 0.00000 
0.01247 1.77778 0.00000 

# Contour 19, label: 
0.25835 1.01702 0.00000 
0.25609 1.02102 0.00000 
0.25383 1.02503 0.00000 
0.25159 1.02903 0.00000 
0.24936 1.03303 0.00000 
0.24714 1.03704 0.00000 
0.24492 1.04104 0.00000 
0.24272 1.04505 0.00000 
0.24242 1.04558 0.00000 
0.24056 1.04905 0.00000 
0.23843 1.05305 0.00000 
0.23630 1.05706 0.00000 
0.23418 1.06106 0.00000 
0.23207 1.06507 0.00000 
0.22997 1.06907 0.00000 
0.22787 1.07307 0.00000 
0.22579 1.07708 0.00000 
0.22372 1.08108 0.00000 
0.22165 1.08509 0.00000 
0.21960 1.08909 0.00000 
0.21755 1.09309 0.00000 
0.21551 1.09710 0.00000 
0.21348 1.10110 0.00000 
0.21146 1.10511 0.00000 
0.20945 1.10911 0.00000 
0.20745 1.11311 0.00000 
0.20546 1.11712 0.00000 
0.20347 1.12112 0.00000 
0.20202 1.12406 0.00000 
0.20151 1.12513 0.00000 
0.19959 1.12913 0.00000 
0.19767 1.13313 0.00000 
0.19577 1.13714 0.00000 
0.19387 1.14114 0.00000 
0.19198 1.14515 0.00000 
0.19011 1.14915 0.00000 
0.18824 1.15315 0.00000 
0.18638 1.15716 0.00000 
0.18453 1.16116 0.00000 
0.18268 1.16517 0.00000 
0.18085 1.16917 0.00000 
0.17902 1.17317 0.00000 
0.17721 1.17718 0.00000 
0.17540 1.18118 0.00000 
0.17360 1.18519 0.00000 
0.17181 1.18919 0.00000 
0.17003 1.19319 0.00000 
0.16826 1.19720 0.00000 
0.16649 1.20120 0.00000 
0.16474 1.20521 0.00000 
0.16299 1.20921 0.00000 
0.16162 1.21238 0.00000 
0.16126 1.21321 0.00000 
0.15957 1.21722 0.00000 
0.15789 1.22122 0.00000 
0.15622 1.22523 0.00000 
0.15455 1.22923 0.00000 
0.15290 1.23323 0.00000 
0.15125 1.23724 0.00000 
0.14961 1.24124 0.00000 
0.14798 1.24525 0.00000 
0.14636 1.24925 0.00000 
0.14474 1.25325 0.00000 
0.14314 1.25726 0.00000 
0.14154 1.26126 0.00000 
0.13996 1.26527 0.00000 
0.13838 1.26927 0.00000 
0.13681 1.27327 0.00000 
0.13525 1.27728 0.00000 
0.13369 1.28128 0.00000 
0.13215 1.28529 0.00000 
0.13062 1.28929 0.00000 
0.12909 1.29329 0.00000 
0.12757 1.29730 0.00000 
0.12606 1.30130 0.00000 
0.12456 1.30531 0.00000 
0.12307 1.30931 0.00000 
0.12158 1.31331 0.00000 
0.12121 1.31432 0.00000 
0.12013 1.31732 0.00000 
0.11870 1.32132 0.00000 
0.11727 1.32533 0.00000 
0.11585 1.32933 0.00000 
0.11444 1.33333 0.00000 
0.11304 1.33734 0.00000 
0.11165 1.34134 0.00000 
0.11026 1.34535 0.00000 
0.10889 1.34935 0.00000 
0.10752 1.35335 0.00000 
0.10616 1.35736 0.00000 
0.10481 1.36136 0.00000 
0.10347 1.36537 0.00000 
0.10213 1.36937 0.00000 
0.10081 1.37337 0.00000 
0.09949 1.37738 0.00000 
0.09818 1.38138 0.00000 
0.09688 1.38539 0.00000 
0.09559 1.38939 0.00000 
0.09431 1.39339 0.00000 

# Contour 20, label: 
0.52525 0.64903 0.00000 
0.52198 0.65265 0.00000 
0.51838 0.65666 0.00000 
0.51479 0.66066 0.00000 
0.51121 0.66466 0.00000 
0.50763 0.66867 0.00000 
0.50407 0.67267 0.00000 
0.50052 0.67668 0.00000 
0.49699 0.68068 0.00000 
0.49346 0.68468 0.00000 
0.48994 0.68869 0.00000 
0.48643 0.69269 0.00000 
0.48485 0.69451 0.00000 
0.48299 0.69670 0.00000 
0.47959 0.70070 0.00000 
0.47621 0.70470 0.00000 
0.47284 0.70871 0.00000 
0.46948 0.71271 0.00000 
0.46612 0.71672 0.00000 
0.46278 0.72072 0.00000 
0.45945 0.72472 0.00000 
0.45613 0.72873 0.00000 
0.45282 0.73273 0.00000 
0.44952 0.73674 0.00000 
0.44623 0.74074 0.00000 
0.44444 0.74292 0.00000 
0.44299 0.74474 0.00000 
0.43981 0.74875 0.00000 
0.43663 0.75275 0.00000 
0.43347 0.75676 0.00000 
0.43031 0.76076 0.00000 
0.42717 0.76476 0.00000 
0.42404 0.76877 0.00000 
0.42091 0.77277 0.00000 
0.41780 0.77678 0.00000 
0.41470 0.78078 0.00000 
0.41160 0.78478 0.00000 
0.40852 0.78879 0.00000 
0.40545 0.79279 0.00000 
0.40404 0.79463 0.00000 
0.40243 0.79680 0.00000 
0.39945 0.80080 0.00000 
0.39649 0.80480 0.00000 
0.39353 0.80881 0.00000 
0.39058 0.81281 0.00000 
0.38765 0.81682 0.00000 
0.38472 0.82082 0.00000 
0.38180 0.82482 0.00000 
0.37890 0.82883 0.00000 
0.37600 0.83283 0.00000 
0.37311 0.83684 0.00000 
0.37024 0.84084 0.00000 
0.36737 0.84484 0.00000 
0.36451 0.84885 0.00000 
0.36364 0.85008 0.00000 
0.36171 0.85285 0.00000 
0.35895 0.85686 0.00000 
0.35619 0.86086 0.00000 
0.35344 0.86486 0.00000 
0.35070 0.86887 0.00000 
0.34797 0.87287 0.00000 
0.34525 0.87688 0.00000 
0.34254 0.88088 0.00000 
0.33984 0.88488 0.00000 
0.33715 0.88889 0.00000 
0.33447 0.89289 0.00000 
0.33180 0.89690 0.00000 
0.32914 0.90090 0.00000 
0.32649 0.90490 0.00000 
0.32384 0.90891 0.00000 
0.32323 0.90984 0.00000 
0.32126 0.91291 0.00000 
0.31870 0.91692 0.00000 
0.31615 0.92092 0.00000 
0.31361 0.92492 0.00000 
0.31108 0.92893 0.00000 
0.30855 0.93293 0.00000 
0.30604 0.93694 0.00000 
0.30354 0.94094 0.00000 
0.30104 0.94494 0.00000 
0.29856 0.94895 0.00000 
0.29608 0.95295 0.00000 
0.29362 0.95696 0.00000 
0.29116 0.96096 0.00000 
0.28871 0.96496 0.00000 
0.28628 0.96897 0.00000 
0.28385 0.97297 0.00000 
0.28283 0.97466 0.00000 
0.28146 0.97698 0.00000 
0.27911 0.98098 0.00000 
0.27677 0.98498 0.00000 
0.27443 0.98899 0.00000 
0.27211 0.99299 0.00000 
0.26979 0.99700 0.00000 
0.26748 1.00100 0.00000 
0.26518 1.00501 0.00000 
0.26290 1.00901 0.00000 
0.26062 1.01301 0.00000 
0.25835 1.01702 0.00000 

# Contour 21, label: 
0.94614 0.30030 0.00000 
0.93967 0.30430 0.00000 
0.93321 0.30831 0.00000 
0.92929 0.31074 0.00000 
0.92687 0.31231 0.00000 
0.92068 0.31632 0.00000 
0.91451 0.32032 0.00000 
0.90835 0.32432 0.00000 
0.90221 0.32833 0.00000 
0.89608 0.33233 0.00000 
0.88996 0.33634 0.00000 
0.88889 0.33704 0.00000 
0.88404 0.34034 0.00000 
0.87818 0.34434 0.00000 
0.87232 0.34835 0.00000 
0.86649 0.35235 0.00000 
0.86066 0.35636 0.00000 
0.85485 0.36036 0.00000 
0.84906 0.36436 0.00000 
0.84848 0.36476 0.00000 
0.84345 0.36837 0.00000 
0.83788 0.37237 0.00000 
0.83233 0.37638 0.00000 
0.82679 0.38038 0.00000 
0.82126 0.38438 0.00000 
0.81575 0.38839 0.00000 
0.81025 0.39239 0.00000 
0.80808 0.39397 0.00000 
0.80487 0.39640 0.00000 
0.79958 0.40040 0.00000 
0.79430 0.40440 0.00000 
0.78904 0.40841 0.00000 
0.78379 0.41241 0.00000 
0.77855 0.41642 0.00000 
0.77332 0.42042 0.00000 
0.76811 0.42442 0.00000 
0.76768 0.42476 0.00000 
0.76307 0.42843 0.00000 
0.75805 0.43243 0.00000 
0.75305 0.43644 0.00000 
0.74806 0.44044 0.00000 
0.74308 0.44444 0.00000 
0.73811 0.44845 0.00000 
0.73316 0.45245 0.00000 
0.72822 0.45646 0.00000 
0.72727 0.45722 0.00000 
0.72341 0.46046 0.00000 
0.71865 0.46446 0.00000 
0.71390 0.46847 0.00000 
0.70916 0.47247 0.00000 
0.70444 0.47648 0.00000 
0.69973 0.48048 0.00000 
0.69503 0.48448 0.00000 
0.69034 0.48849 0.00000 
0.68687 0.49146 0.00000 
0.68570 0.49249 0.00000 
0.68118 0.49650 0.00000 
0.67667 0.50050 0.00000 
0.67218 0.50450 0.00000 
0.66769 0.50851 0.00000 
0.66322 0.51251 0.00000 
0.65876 0.51652 0.00000 
0.65431 0.52052 0.00000 
0.64987 0.52452 0.00000 
0.64646 0.52761 0.00000 
0.64548 0.52853 0.00000 
0.64119 0.53253 0.00000 
0.63692 0.53654 0.00000 
0.63266 0.54054 0.00000 
0.62841 0.54454 0.00000 
0.62418 0.54855 0.00000 
0.61995 0.55255 0.00000 
0.61574 0.55656 0.00000 
0.61154 0.56056 0.00000 
0.60735 0.56456 0.00000 
0.60606 0.56580 0.00000 
0.60325 0.56857 0.00000 
0.59921 0.57257 0.00000 
0.59517 0.57658 0.00000 
0.59115 0.58058 0.00000 
0.58713 0.58458 0.00000 
0.58313 0.58859 0.00000 
0.57914 0.59259 0.00000 
0.57516 0.59660 0.00000 
0.57119 0.60060 0.00000 
0.56724 0.60460 0.00000 
0.56566 0.60621 0.00000 
0.56336 0.60861 0.00000 
0.55953 0.61261 0.00000 
0.55572 0.61662 0.00000 
0.55192 0.62062 0.00000 
0.54812 0.62462 0.00000 
0.54434 0.62863 0.00000 
0.54057 0.63263 0.00000 
0.53682 0.63664 0.00000 
0.53307 0.64064 0.00000 
0.52933 0.64464 0.00000 
0.52561 0.64865 0.00000 
0.52525 0.64903 0.00000 

# Contour 22, label: 
1.89899 0.00255 0.00000 
1.87508 0.00400 0.00000 
1.85859 0.00501 0.00000 
1.82155 0.00801 0.00000 
1.81818 0.00828 0.00000 
1.78144 0.01201 0.00000 
1.77778 0.01238 0.00000 
1.74803 0.01602 0.00000 
1.73737 0.01732 0.00000 
1.71845 0.02002 0.00000 
1.69697 0.02309 0.00000 
1.69126 0.02402 0.00000 
1.66681 0.02803 0.00000 
1.65657 0.02971 0.00000 
1.64398 0.03203 0.00000 
1.62233 0.03604 0.00000 
1.61616 0.03718 0.00000 
1.60227 0.04004 0.00000 
1.58287 0.04404 0.00000 
1.57576 0.04551 0.00000 
1.56462 0.04805 0.00000 
1.54705 0.05205 0.00000 
1.53535 0.05472 0.00000 
1.53001 0.05606 0.00000 
1.51397 0.06006 0.00000 
1.49796 0.06406 0.00000 
1.49495 0.06482 0.00000 
1.48299 0.06807 0.00000 
1.46828 0.07207 0.00000 
1.45455 0.07582 0.00000 
1.45366 0.07608 0.00000 
1.44006 0.08008 0.00000 
1.42648 0.08408 0.00000 
1.41414 0.08773 0.00000 
1.41302 0.08809 0.00000 
1.40040 0.09209 0.00000 
1.38781 0.09610 0.00000 
1.37524 0.10010 0.00000 
1.37374 0.10058 0.00000 
1.36339 0.10410 0.00000 
1.35166 0.10811 0.00000 
1.33996 0.11211 0.00000 
1.33333 0.11438 0.00000 
1.32857 0.11612 0.00000 
1.31760 0.12012 0.00000 
1.30666 0.12412 0.00000 
1.29573 0.12813 0.00000 
1.29293 0.12916 0.00000 
1.28528 0.13213 0.00000 
1.27501 0.13614 0.00000 
1.26476 0.14014 0.00000 
1.25453 0.14414 0.00000 
1.25253 0.14493 0.00000 
1.24476 0.14815 0.00000 
1.23511 0.15215 0.00000 
1.22548 0.15616 0.00000 
1.21588 0.16016 0.00000 
1.21212 0.16173 0.00000 
1.20658 0.16416 0.00000 
1.19749 0.16817 0.00000 
1.18843 0.17217 0.00000 
1.17938 0.17618 0.00000 
1.17172 0.17958 0.00000 
1.17042 0.18018 0.00000 
1.16184 0.18418 0.00000 
1.15328 0.18819 0.00000 
1.14474 0.19219 0.00000 
1.13622 0.19620 0.00000 
1.13131 0.19851 0.00000 
1.12788 0.20020 0.00000 
1.11978 0.20420 0.00000 
1.11170 0.20821 0.00000 
1.10364 0.21221 0.00000 
1.09560 0.21622 0.00000 
1.09091 0.21855 0.00000 
1.08771 0.22022 0.00000 
1.08005 0.22422 0.00000 
1.07241 0.22823 0.00000 
1.06479 0.23223 0.00000 
1.05718 0.23624 0.00000 
1.05051 0.23976 0.00000 
1.04963 0.24024 0.00000 
1.04237 0.24424 0.00000 
1.03513 0.24825 0.00000 
1.02790 0.25225 0.00000 
1.02069 0.25626 0.00000 
1.01350 0.26026 0.00000 
1.01010 0.26216 0.00000 
1.00648 0.26426 0.00000 
0.99960 0.26827 0.00000 
0.99275 0.27227 0.00000 
0.98591 0.27628 0.00000 
0.97908 0.28028 0.00000 
0.97227 0.28428 0.00000 
0.96970 0.28580 0.00000 
0.96564 0.28829 0.00000 
0.95913 0.29229 0.00000 
0.95262 0.29630 0.00000 
0.94614 0.30030 0.00000 

